957211 5389
999559 781236
327481 510757
357488 80561
769345 952998
649157 647513
946517 971393
61160 780827
720983 986161
155973 775327
635350 151728
859474 692251
156577 766292
635438 225161
394254 767126
254088 69373
198021 39753
629504 372416
793296 249651
912834 754534
132363 886493
807179 482105
173277 511624
633455 498655
468854 423150
797811 52378
147294 645038
15871 785283
734008 303190
653483 690374
112224 909398
581220 45775
719694 526761
859895 183595
832842 15836
345774 270912
973392 463499
831326 996769
916093 981148
578956 497276
776690 675302
357435 911853
25830 532025
270215 235281
983184 62569
100340 930964
163192 177856
698556 415236
829185 629312
82645 278365
202862 543060
24935 311060
831583 702814
323215 54351
366401 907919
513780 684848
818324 161373
974809 540342
591896 236964
566285 287861
290439 261030
63888 596810
762604 857449
585856 482422
411675 597840
749308 475305
863793 612640
996707 599704
486846 958814
693915 242213
923696 550600
987333 89341
749144 439395
119013 846230
134121 599191
694767 881506
642629 827821
378106 531301
928737 953763
357553 799245
79029 848689
271000 457703
424375 100565
893042 813705
146924 787957
343008 157981
162659 373318
839760 790455
302318 349921
992394 820587
504408 932409
367988 800377
555225 767645
675356 278314
656456 437845
863760 942727
391628 148152
812006 990791
792921 410957
792274 765214
293152 76894
24316 44982
649138 992472
560980 390947
686017 424272
503041 234742
974320 380858
271147 804526
966252 79207
951322 867758
539395 206329
796049 556785
781865 880294
683005 380032
16413 152287
300557 460787
492795 949350
551125 889942
367479 109645
84140 587181
571486 101595
925188 319816
322070 192636
966796 343727
901636 403573
150434 281825
190082 539280
416034 577469
496325 595729
561137 858374
10298 654395
271989 843669
276119 451675
402716 605531
667620 456451
765478 996408
758253 233908
681481 937579
914486 658172
683903 400657
407298 827954
53335 730596
120919 251232
617545 100062
991480 735501
347493 673058
673974 80772
32959 436090
911246 775642
490833 123299