850989 115018 
153293 890348 
403033 294906 
965680 672125 
145853 106623 
591347 329251 
348134 476285 
351737 610734 
97024 731998 
200578 901943 
513683 99890 
198871 500653 
736677 839556 
678266 433058 
244916 817134 
299558 48459 
563935 136745 
922727 63625 
387116 513800 
834663 44619 
963494 396050 
295483 534708 
355772 491736 
759459 719264 
245569 51281 
832446 903225 
130140 496119 
753709 800905 
348675 243754 
977172 333506 
742870 730204 
775617 530602 
721747 495205 
388486 191729 
863404 159769 
402578 82365 
289228 775926 
690342 492324 
623255 373417 
350978 559847 
131748 797432 
481142 372644 
509661 504231 
982965 251603 
608268 50617 
131007 484353 
774289 493135 
160580 3892 
215367 308871 
875401 246391 
874980 515440 
96931 832851 
167906 940234 
234331 235209 
969877 791289 
752353 615721 
128622 32188 
980118 887243 
646873 585341 
396380 832672 
938418 321905 
110926 386771 
361342 665546 
950606 625218 
424118 150680 
685041 989348 
662797 701519 
859358 674707 
609715 534074 
299437 838648 
924574 203610 
861681 247956 
929063 739017 
495726 666993 
467798 986613 
107045 29777 
148034 216106 
39121 249791 
775721 992185 
835536 983559 
993047 347925 
575783 474098 
446506 938774 
938896 973419 
323809 568107 
631504 955150 
459109 672435 
894822 195357 
910993 11088 
788759 258442 
995958 750814 
942398 336744 
526648 401611 
842762 72359 
74636 554566 
89865 704710 
199772 175425 
137738 730113 
427401 867872 
159999 832670 
266799 940845 
274176 631768 
707704 225175 
199037 179591 
75946 377515 
676947 817424 
175491 671607 
888021 253830 
530199 967603 
16631 149133 
838706 186814 
163349 221560 
231334 827200 
419526 378998 
766230 59643 
446341 151954 
601166 10932 
237232 545238 
409288 42251 
169630 577143 
849624 770253 
734810 593121 
392284 61570 
879253 837645 
71835 645162 
283183 973019 
745426 546957 
138018 536181 
961465 829551 
743198 201304 
505834 969788 
88821 864202 
39110 426891 
618217 753279 
900601 64685 
911385 253507 
251816 652434 
396739 361211 
673995 364326 
368975 79166 
261691 535236 
505129 470332 
381364 497987 
25337 341320 
162998 595506 
328508 2768 
403874 268962 
688099 946478 
241443 100295 
872807 463124 